0,1520380800.0,10719.0,10899.0,9400.0,9910.6000000000003638,75229.129820700007258,
1,1520467200.0,9910.5,10112.0,9025.0,9300.0,67737.891833190005855,
2,1520553600.0,9300.0,9428.0,8342.0,9216.2000000000007276,98205.160785579995718,
3,1520640000.0,9216.1000000000003638,9506.3999999999996362,8670.8999999999996362,8769.8999999999996362,52532.102885139996943,
4,1520726400.0,8772.5,9729.0,8428.0,9527.7000000000007276,70479.033668670002953,
5,1520812800.0,9525.8999999999996362,9900.0,8770.0,9130.2000000000007276,67561.081366490005166,
6,1520899200.0,9130.2000000000007276,9482.3999999999996362,8822.0,9135.2000000000007276,61535.842811839997012,
7,1520985600.0,9136.0,9439.6000000000003638,7916.0,8176.0,78853.597177250005188,
8,1521072000.0,8175.6000000000003638,8418.0,7665.1000000000003638,8250.1000000000003638,82546.411563300003763,
9,1521158400.0,8249.5,8604.5,7902.0,8250.0,56404.937131580001733,
10,1521244800.0,8250.0,8367.0,7728.1000000000003638,7845.0,48918.447138160001487,
11,1521331200.0,7838.6000000000003638,8300.0,7240.0,8200.2999999999992724,88941.821138080005767,
12,1521417600.0,8200.2999999999992724,8717.0,8085.6999999999998181,8600.2000000000007276,73251.920277490004082,
13,1521504000.0,8600.2000000000007276,9040.0,8305.1000000000003638,8899.7000000000007276,54284.581766039998911,
14,1521590400.0,8899.7999999999992724,9177.5,8752.0,8888.2000000000007276,36825.648645300003409,
15,1521676800.0,8888.2999999999992724,9095.9221169100001134,8450.0,8699.2999999999992724,40666.517500380003185,
16,1521763200.0,8696.0,8917.6000000000003638,8271.1000000000003638,8914.3999999999996362,35489.49964724000165,
17,1521849600.0,8917.2000000000007276,9050.2999999999992724,8460.0,8522.6000000000003638,35409.655313909999677,
18,1521936000.0,8521.6000000000003638,8674.3999999999996362,8364.7999999999992724,8445.0,23490.799293110001599,
19,1522022400.0,8445.2999999999992724,8499.1000000000003638,7835.8999999999996362,8131.123124380000263,41319.322819350003556,
20,1522108800.0,8133.1999999999998181,8210.0,7716.6000000000003638,7784.6000000000003638,41502.257173730002251,
21,1522195200.0,7785.0,8120.1999999999998181,7702.1000000000003638,7936.0,27949.810341839998728,
22,1522281600.0,7936.1000000000003638,7973.0,6883.0,7094.0,66181.764639009998064,
23,1522368000.0,7094.0,7269.0,6533.0,6840.3999999999996362,94683.826002290006727,
24,1522454400.0,6838.0,7222.0,6780.062179329999708,6925.3999999999996362,56303.61829463000322,
25,1522540800.0,6925.3000000000001819,7035.1000000000003638,6425.1000000000003638,6816.6000000000003638,41642.573450279996905,
26,1522627200.0,6816.6999999999998181,7132.0,6769.3999999999996362,7053.3000000000001819,36230.087739410002541,
27,1522713600.0,7053.3999999999996362,7509.6999999999998181,7019.8999999999996362,7405.6000000000003638,37406.45281585000339,
28,1522800000.0,7405.6000000000003638,7422.0,6670.0,6786.0,39315.73808471999655,
29,1522886400.0,6785.8999999999996362,6938.0,6565.0,6769.0,36427.955241329997079,
30,1522972800.0,6770.3999999999996362,6864.0,6500.1999999999998181,6610.0,31374.125631880000583,
31,1523059200.0,6610.3000000000001819,7080.0,6599.8999999999996362,6892.6000000000003638,31454.1867883599989,
32,1523145600.0,6892.6215051799999856,7127.0,6883.0,7023.8999999999996362,26602.667408260000229,
33,1523232000.0,7023.8999999999996362,7189.0,6611.0,6770.1000000000003638,63914.801944370003184,
34,1523318400.0,6770.1000000000003638,6897.3999999999996362,6650.0,6837.1000000000003638,20954.908956939998461,
35,1523404800.0,6836.1000000000003638,7017.3999999999996362,6794.0,6943.1000000000003638,28066.770757109999977,
36,1523491200.0,6943.1000000000003638,8087.0,6753.0,7912.0,94578.845743159996346,
37,1523577600.0,7911.8999999999996362,8240.0,7739.1000000000003638,7886.8999999999996362,59903.058420610002941,
38,1523664000.0,7889.1999999999998181,8185.0,7820.5,8005.903243079999811,26520.47168412999963,
39,1523750400.0,8007.1371985799996764,8458.7999999999992724,7997.1999999999998181,8357.5,31903.36342453999896,
40,1523836800.0,8357.3999999999996362,8415.5,7900.3000000000001819,8056.1999999999998181,37556.905392629996641,
41,1523923200.0,8056.1999999999998181,8185.0,7823.0,7888.8999999999996362,28238.531899879999401,
42,1524009600.0,7888.8999999999996362,8237.2000000000007276,7870.5,8171.0,29561.232990159998735,
43,1524096000.0,8172.6999999999998181,8297.3999999999996362,8032.1999999999998181,8273.0,29215.278105699999287,
44,1524182400.0,8273.6000000000003638,8937.5,8219.0,8865.3999999999996362,50910.487646879999375,
45,1524268800.0,8863.2999999999992724,9069.0,8616.0,8912.5,39569.362597250001272,
46,1524355200.0,8912.3999999999996362,9048.2000000000007276,8751.0852213899997878,8791.3999999999996362,31444.6314271500014,
47,1524441600.0,8791.3999999999996362,9011.0,8769.0,8940.0,23257.404696980000153,
48,1524528000.0,8940.2999999999992724,9745.0,8929.8999999999996362,9646.7999999999992724,60351.436393399999361,
49,1524614400.0,9646.8999999999996362,9767.3999999999996362,8765.1000000000003638,8869.2000000000007276,74563.787052650004625,
50,1524700800.0,8867.3999999999996362,9308.0,8652.2000000000007276,9269.8999999999996362,43219.82518379999965,
51,1524787200.0,9268.8999999999996362,9381.1000000000003638,8888.6000000000003638,8920.1000000000003638,30153.53624395999941,
52,1524873600.0,8920.1000000000003638,9500.0,8750.0,9345.7000000000007276,45082.682957069999247,
53,1524960000.0,9345.2999999999992724,9565.1000000000003638,9180.0,9400.0,27317.188970120001613,
54,1525046400.0,9400.0,9450.0,9100.0,9240.6000000000003638,23272.441213279998919,
55,1525132800.0,9240.6000000000003638,9247.2999999999992724,8817.9746951199995237,9068.2000000000007276,25618.299109679999674,
56,1525219200.0,9071.2999999999992724,9279.8999999999996362,8968.2999999999992724,9236.3999999999996362,20183.06924245999835,
57,1525305600.0,9236.3999999999996362,9875.0,9161.0,9759.0,36486.071081909998611,
58,1525392000.0,9759.0,9848.0,9542.5,9703.0,24541.758300059998874,
59,1525478400.0,9703.0,9990.0,9685.0,9861.2000000000007276,29515.170336120001593,
60,1525564800.0,9861.2999999999992724,9964.0,9454.0,9658.7000000000007276,26926.627088829998684,
61,1525651200.0,9658.6000000000003638,9677.8999999999996362,9182.7000000000007276,9370.0,25777.517518590000691,
62,1525737600.0,9370.0,9471.0,9045.2999999999992724,9184.7000000000007276,25856.477743460000056,
63,1525824000.0,9184.7999999999992724,9375.7999999999992724,8980.0,9318.2000000000007276,22806.838093629998184,
64,1525910400.0,9318.2000000000007276,9393.8999999999996362,9003.0,9018.0,23656.320641210000758,
65,1525996800.0,9018.0,9018.1000000000003638,8333.7999999999992724,8412.3999999999996362,54491.372062620001088,
66,1526083200.0,8412.3999999999996362,8631.7000000000007276,8204.4057621899992228,8470.7999999999992724,36656.112854289996903,
67,1526169600.0,8471.3999999999996362,8760.0,8318.2999999999992724,8683.6000000000003638,22901.027903980000701,
68,1526256000.0,8683.5,8884.5,8271.0,8670.7999999999992724,37154.667774660003488,
69,1526342400.0,8670.7999999999992724,8855.7000000000007276,8415.0,8467.5,26208.302824689999397,
70,1526428800.0,8468.2999999999992724,8492.7000000000007276,8100.0,8336.1000000000003638,32761.817388989999017,
71,1526515200.0,8336.0,8482.2000000000007276,7982.5,8054.3000000000001819,25198.753330449999339,
72,1526601600.0,8054.8000000000001819,8277.2000000000007276,7925.0,8238.8999999999996362,23441.863597539999319,
73,1526688000.0,8239.0,8468.0,8140.1999999999998181,8231.0,14145.515841360000195,
74,1526774400.0,8230.8999999999996362,8597.8999999999996362,8171.5,8523.7000000000007276,15500.061612629999217,
75,1526860800.0,8523.7000000000007276,8644.0,8309.1000000000003638,8399.6000000000003638,17243.427851309999824,
76,1526947200.0,8393.3999999999996362,8408.2848329900007229,7943.3000000000001819,7977.8500446099997134,20533.751666839998506,
77,1527033600.0,7977.5,8020.0,7402.6999999999998181,7494.8000000000001819,41682.566423889998987,
78,1527120000.0,7494.7503577799998311,7729.8319357299997137,7260.0,7576.6999999999998181,38874.000937479999266,
79,1527206400.0,7576.6999999999998181,7654.1000000000003638,7318.1999999999998181,7456.6999999999998181,25874.777840189999552,
80,1527292800.0,7457.0,7624.1000000000003638,7281.0,7327.6999999999998181,13810.017323449999822,
81,1527379200.0,7328.3000000000001819,7425.3999999999996362,7211.1000000000003638,7339.6999999999998181,16174.927185959999406,
82,1527465600.0,7339.6000000000003638,7437.6999999999998181,7062.3000000000001819,7097.8999999999996362,26677.869196280000324,
83,1527552000.0,7097.8000000000001819,7536.0,7040.0,7465.1999999999998181,27898.868279430000257,
84,1527638400.0,7465.3000000000001819,7560.0,7270.5,7375.1208530699996118,22083.128655500000605,
85,1527724800.0,7375.1999999999998181,7599.6999999999998181,7338.0,7485.8000000000001819,19464.909943610000482,
86,1527811200.0,7485.8999999999996362,7599.8000000000001819,7329.1884793799999898,7521.0,19041.115520110000944,
87,1527897600.0,7521.1000000000003638,7698.8000000000001819,7441.5,7638.1000000000003638,17363.612462820001383,
88,1527984000.0,7638.0,7779.0,7600.0,7718.0,13794.541977839999163,
89,1528070400.0,7718.1000000000003638,7764.0,7451.1000000000003638,7488.3000000000001819,18132.681881510001404,
90,1528156800.0,7488.3999999999996362,7675.0,7372.0,7621.8999999999996362,16738.810682020000968,
91,1528243200.0,7622.1999999999998181,7700.0,7491.6999999999998181,7654.0,18269.76321758999984,
92,1528329600.0,7654.0,7756.3000000000001819,7624.6999999999998181,7688.8999999999996362,11037.50621418999981,
93,1528416000.0,7689.0,7697.0,7543.6000000000003638,7615.1000000000003638,12197.843249609999475,
94,1528502400.0,7615.1999999999998181,7685.0,7450.0,7498.5,7242.2602217800003928,
95,1528588800.0,7498.5,7498.6000000000003638,6618.8999999999996362,6758.0,57822.891525120001461,
96,1528675200.0,6757.8999999999996362,6899.0,6629.6999999999998181,6873.3000000000001819,22377.741293179999047,
97,1528761600.0,6873.3999999999996362,6873.3999999999996362,6436.1000000000003638,6543.8999999999996362,32008.312802889999148,
98,1528848000.0,6543.8999999999996362,6611.6999999999998181,6107.8771846700001333,6295.1000000000003638,45577.581861699996807,
99,1528934400.0,6295.0,6736.5210387200004334,6269.5,6633.6999999999998181,33064.782363840000471,
100,1529020800.0,6633.8000000000001819,6659.0,6300.1999999999998181,6385.0,21286.50090832999922,
101,1529107200.0,6386.0,6559.6999999999998181,6330.0,6485.8999999999996362,13697.176194069999838,
102,1529193600.0,6489.0,6573.0,6424.8000000000001819,6438.3999999999996362,9441.0166659200003778,
103,1529280000.0,6443.0,6849.6999999999998181,6370.769587390000197,6709.1999999999998181,26388.776902519999567,
104,1529366400.0,6709.1999999999998181,6848.1999999999998181,6655.0,6735.5,17375.770198930000333,
105,1529452800.0,6734.8000000000001819,6825.0,6560.0,6760.3999999999996362,18710.812666339999851,
106,1529539200.0,6760.3999999999996362,6788.8000000000001819,6679.3000000000001819,6715.1999999999998181,10651.510523880000619,
107,1529625600.0,6715.1999999999998181,6731.0,5910.8000000000001819,6042.6000000000003638,55250.235913119999168,
108,1529712000.0,6042.6000000000003638,6259.0,6013.0,6151.9276490599995668,20704.403278419998969,
109,1529798400.0,6152.0,6249.6999999999998181,5755.0,6148.0390595999997458,45503.789572119996592,
110,1529884800.0,6148.1000000000003638,6341.0,6068.5,6246.6000000000003638,27914.041287979998742,
111,1529971200.0,6249.1000000000003638,6280.8000000000001819,6050.1999999999998181,6073.3999999999996362,18843.104664229998889,
112,1530057600.0,6073.3999999999996362,6192.6999999999998181,5984.8999999999996362,6133.0866821500003425,18270.227241759999742,
113,1530144000.0,6133.0866821500003425,6170.8999999999996362,5822.3000000000001819,5848.1000000000003638,17949.126095999999961,
114,1530230400.0,5850.0,6302.0,5780.0,6208.1000000000003638,33933.190902239999559,
115,1530316800.0,6208.1999999999998181,6545.5,6195.1999999999998181,6391.5,23879.209659550000652,
116,1530403200.0,6391.6000000000003638,6439.8999999999996362,6260.0,6349.6999999999998181,11380.243552730000374,
117,1530489600.0,6349.3000000000001819,6681.1999999999998181,6275.0,6617.6000000000003638,26915.254825060001167,
118,1530576000.0,6617.1999999999998181,6675.1999999999998181,6470.5,6509.0,17272.525620899999922,
119,1530662400.0,6509.3000000000001819,6784.8999999999996362,6414.1000000000003638,6590.0,22494.260663529999874,
120,1530748800.0,6589.8999999999996362,6704.6999999999998181,6423.3999999999996362,6531.3000000000001819,23150.042616309998266,
121,1530835200.0,6532.3999999999996362,6641.784375430000182,6451.8999999999996362,6602.1999999999998181,14951.203989010000441,
122,1530921600.0,6602.1999999999998181,6839.3999999999996362,6511.0,6761.8000000000001819,15296.131308129999525,
123,1531008000.0,6761.6999999999998181,6801.8999999999996362,6666.1000000000003638,6707.0,13709.87022744999922,
124,1531094400.0,6707.0,6820.0,6616.6000000000003638,6666.8999999999996362,16304.25057021000066,
125,1531180800.0,6667.0,6685.8000000000001819,6260.1000000000003638,6301.8000000000001819,28022.171288450001157,
126,1531267200.0,6301.8000000000001819,6407.8999999999996362,6286.3000000000001819,6377.8000000000001819,16406.848906750001333,
127,1531353600.0,6377.6999999999998181,6377.6999999999998181,6079.8999999999996362,6249.0,24993.918968649999442,
128,1531440000.0,6249.0,6339.8999999999996362,6125.0,6220.0,20085.526012810001703,
129,1531526400.0,6219.6999999999998181,6320.0,6179.1999999999998181,6250.0,8904.9607944899998984,
130,1531612800.0,6250.0,6389.0,6230.3000000000001819,6347.1999999999998181,10997.920072580000124,
131,1531699200.0,6347.1999999999998181,6750.0,6327.1000000000003638,6729.1999999999998181,31001.88370637999833,
132,1531785600.0,6729.1999999999998181,7483.8999999999996362,6666.0,7319.8000000000001819,48125.168629400002828,
133,1531872000.0,7319.8000000000001819,7588.0,7246.5,7379.3999999999996362,39618.931004680001934,
134,1531958400.0,7379.6999999999998181,7560.0,7281.3999999999996362,7473.5,22194.190779900000052,
135,1532044800.0,7473.5,7685.1999999999998181,7273.1000000000003638,7333.1000000000003638,32744.680942930001038,
136,1532131200.0,7333.1000000000003638,7459.0,7221.0,7403.3999999999996362,11412.431238909999593,
137,1532217600.0,7403.3000000000001819,7575.0,7329.1000000000003638,7397.6000000000003638,17184.043065440000646,
138,1532304000.0,7398.6999999999998181,7820.0,7374.0,7719.8000000000001819,47517.729570850002347,
139,1532390400.0,7718.8999999999996362,8506.7000000000007276,7690.0,8390.0,64736.629867199997534,
140,1532476800.0,8389.8999999999996362,8488.1000000000003638,8073.0,8178.3999999999996362,36972.150777330003621,
141,1532563200.0,8175.6000000000003638,8323.1000000000003638,7869.6000000000003638,7939.0,32809.57622714000172,
142,1532649600.0,7939.0,8291.0,7815.0850561699999162,8188.0,34223.948883309996745,
143,1532736000.0,8187.8999999999996362,8262.0,8055.0,8235.6000000000003638,13681.621225499999127,
144,1532822400.0,8235.7000000000007276,8313.2999999999992724,8123.0,8221.0,10190.341155379999691,
145,1532908800.0,8220.1000000000003638,8301.7283857000002172,7861.1999999999998181,8179.5,37580.307362309999007,
146,1532995200.0,8178.8999999999996362,8178.8999999999996362,7664.8977045000001453,7731.3000000000001819,43560.679976610001177,
147,1533081600.0,7737.8999999999996362,7756.1000000000003638,7440.1999999999998181,7606.0,30739.386338550000801,
148,1533168000.0,7606.6000000000003638,7713.0,7450.0,7535.1999999999998181,17682.629089760001079,
149,1533254400.0,7533.3000000000001819,7533.3000000000001819,7282.1000000000003638,7420.0,30882.542264650001016,
150,1533340800.0,7420.3000000000001819,7492.1999999999998181,6928.8000000000001819,7013.2156549299998005,31690.262772480000422,
151,1533427200.0,7013.2156783500004167,7090.0,6890.0,7025.8000000000001819,17680.665645590001077,
152,1533513600.0,7025.1999999999998181,7153.6000000000003638,6847.0,6941.1999999999998181,18120.471134380000876,
153,1533600000.0,6941.3000000000001819,7150.0,6677.0,6718.8000000000001819,32246.217047769998317,
154,1533686400.0,6718.6999999999998181,6720.1000000000003638,6128.1999999999998181,6280.6999999999998181,53882.164351170002192,
155,1533772800.0,6280.6999999999998181,6628.0,6183.0,6533.6000000000003638,33388.96116205999715,
156,1533859200.0,6533.6000000000003638,6573.8000000000001819,6010.0,6146.6999999999998181,43492.06745165999746,
157,1533945600.0,6147.1000000000003638,6499.5,6008.1000000000003638,6233.1000000000003638,36859.250762570001825,
158,1534032000.0,6233.1000000000003638,6499.0,6162.0,6313.8999999999996362,23052.419842240000435,
159,1534118400.0,6313.8999999999996362,6548.3000000000001819,6137.6000000000003638,6251.8999999999996362,32330.83409617000143,
160,1534204800.0,6251.8999999999996362,6251.8999999999996362,5858.6000000000003638,6189.0,52699.454495140002109,
161,1534291200.0,6189.0,6647.6000000000003638,6180.0053294700001061,6270.1999999999998181,66221.754572580000968,
162,1534377600.0,6270.1999999999998181,6476.6999999999998181,6212.8999999999996362,6315.6000000000003638,25120.400945710000087,
163,1534464000.0,6314.6000000000003638,6592.8999999999996362,6290.0,6584.046497459999955,26770.078728180000326,
164,1534550400.0,6585.8999999999996362,6619.5,6300.0,6391.1999999999998181,19731.247824859998218,
165,1534636800.0,6391.1000000000003638,6550.3000000000001819,6309.3000000000001819,6485.1000000000003638,15354.060778990000472,
166,1534723200.0,6485.1000000000003638,6524.0,6230.0,6255.8999999999996362,31723.093338229999063,
167,1534809600.0,6255.8999999999996362,6526.1999999999998181,6245.0,6479.1000000000003638,29502.963021489998937,
168,1534896000.0,6480.6000000000003638,6899.0,6250.3000000000001819,6363.8000000000001819,58965.956372720000218,
169,1534982400.0,6363.8000000000001819,6566.635541519999606,6350.0,6527.1999999999998181,19945.671480069999234,
170,1535068800.0,6527.1999999999998181,6728.6000000000003638,6451.0,6693.6000000000003638,20203.724762980000378,
171,1535155200.0,6693.3000000000001819,6799.6999999999998181,6670.0,6732.8999999999996362,16877.246823639998183,
172,1535241600.0,6733.0,6789.0,6557.0,6707.0,16762.380730370001402,
173,1535328000.0,6707.0,6942.1999999999998181,6652.6999999999998181,6909.3999999999996362,24210.367472490001092,
174,1535414400.0,6909.5,7127.8999999999996362,6872.0,7079.8999999999996362,30066.238469709998753,
175,1535500800.0,7079.6999999999998181,7139.3999999999996362,6924.2692608099996505,7039.0,19976.749757839999802,
176,1535587200.0,7039.0020076999999219,7060.0,6802.1000000000003638,6986.0,24594.183852689999185,
177,1535673600.0,6986.1000000000003638,7100.0,6881.6000000000003638,7014.6000000000003638,19124.185410909998609,
178,1535760000.0,7013.5,7269.8999999999996362,7011.3000000000001819,7197.3999999999996362,21397.104809159998695,
179,1535846400.0,7197.5,7429.1999999999998181,7135.3000000000001819,7300.0,44681.538082840001152,
180,1535932800.0,7300.1000000000003638,7369.0,7200.0,7267.8000000000001819,22308.270998870000767,
181,1536019200.0,7267.6000000000003638,7415.3999999999996362,7246.1999999999998181,7358.8999999999996362,20838.973527499998454,
182,1536105600.0,7358.8999999999996362,7404.0,6700.0,6704.0,55776.259980540002289,
183,1536192000.0,6704.0,6731.3000000000001819,6302.1999999999998181,6516.1000000000003638,53002.517158379996545,
184,1536278400.0,6516.0,6549.5,6322.8000000000001819,6397.0,20748.838184169999295,
185,1536364800.0,6397.0,6475.5,6119.5,6184.9444160000002739,21852.753775199998927,
186,1536451200.0,6185.0,6458.8999999999996362,6140.5,6239.8999999999996362,16462.594918120001239,
187,1536537600.0,6240.0,6373.6771888000002946,6219.0,6314.8999999999996362,14490.248589720000382,
188,1536624000.0,6314.8999999999996362,6399.6000000000003638,6170.0,6290.8999999999996362,16606.573906069999794,
189,1536710400.0,6292.3000000000001819,6355.0,6202.8000000000001819,6332.4167218200000207,16194.122673239999131,
190,1536796800.0,6334.1999999999998181,6528.3999999999996362,6333.3999999999996362,6489.0,19245.814460839999811,
191,1536883200.0,6489.1000000000003638,6596.5,6355.1999999999998181,6480.1000000000003638,16371.772295389999272,
192,1536969600.0,6480.1999999999998181,6572.1999999999998181,6465.6000000000003638,6512.8000000000001819,8359.6421769099997618,
193,1537056000.0,6512.8000000000001819,6520.6000000000003638,6370.1999999999998181,6498.3999999999996362,8728.5493450800004211,
194,1537142400.0,6498.5,6543.3000000000001819,6202.8000000000001819,6252.0,23545.71896512999956,
195,1537228800.0,6251.8999999999996362,6384.0,6228.1000000000003638,6335.3999999999996362,16082.080075030000444,
196,1537315200.0,6334.5,6549.8999999999996362,6100.0,6390.8999999999996362,29900.604929050001374,
197,1537401600.0,6392.6999999999998181,6584.0,6340.0,6493.9074816000002102,16688.386430480000854,
198,1537488000.0,6493.9424005800001396,6790.5,6473.8000000000001819,6762.1000000000003638,36993.671587620003265,
199,1537574400.0,6761.8000000000001819,6840.8999999999996362,6502.1999999999998181,6723.0,18261.038413009999203,
200,1537660800.0,6723.1000000000003638,6785.8999999999996362,6661.5,6710.0,8513.9874462999996467,
201,1537747200.0,6710.0302358099997946,6721.6999999999998181,6555.0,6585.1000000000003638,17766.50651821000065,
202,1537833600.0,6585.0,6585.1000000000003638,6328.0,6442.8000000000001819,20238.001321809999354,
203,1537920000.0,6442.7098490099997434,6558.0,6382.5,6462.3999999999996362,13811.66757361999953,
204,1538006400.0,6462.3000000000001819,6745.0,6436.6999999999998181,6691.1999999999998181,18368.033190859998285,
205,1538092800.0,6691.3999999999996362,6826.4196653799999694,6541.8999999999996362,6635.1999999999998181,27892.966655759999412,
206,1538179200.0,6635.1000000000003638,6635.1000000000003638,6454.1999999999998181,6597.3000000000001819,17305.626896090001537,
207,1538265600.0,6597.1999999999998181,6662.8000000000001819,6529.6000000000003638,6622.3999999999996362,8494.1536721699994814,
208,1538352000.0,6622.3000000000001819,6660.0,6500.0,6601.8999999999996362,10358.011596680000366,
209,1538438400.0,6602.0,6644.6999999999998181,6467.8999999999996362,6527.5,12037.347953779999443,
210,1538524800.0,6530.1000000000003638,6555.1000000000003638,6424.6000000000003638,6503.1999999999998181,14574.473822170000858,
211,1538611200.0,6503.1000000000003638,6648.8000000000001819,6495.1999999999998181,6590.3999999999996362,11471.881894570000441,
212,1538697600.0,6591.1000000000003638,6741.4366437999997288,6506.6000000000003638,6639.8999999999996362,12447.963760630000252,
213,1538784000.0,6639.8999999999996362,6648.1999999999998181,6563.6999999999998181,6595.1999999999998181,5805.9301107199999024,
214,1538870400.0,6595.1000000000003638,6640.3999999999996362,6525.0,6609.3999999999996362,5815.8475275700002385,
215,1538956800.0,6609.3999999999996362,6730.0,6585.8999999999996362,6673.1999999999998181,12698.954298630000267,
216,1539043200.0,6673.3000000000001819,6682.0,6605.0,6663.0,8062.0470540200003597,
217,1539129600.0,6663.0,6663.1000000000003638,6513.5295263500001965,6630.0744575199996689,13830.606923530000131,
218,1539216000.0,6630.0,6630.0744575199996689,6220.3999999999996362,6251.8999999999996362,41613.891219170000113,
219,1539302400.0,6251.8999999999996362,6353.3999999999996362,6220.3000000000001819,6291.8999999999996362,10404.901786300000822,
220,1539388800.0,6292.0,6333.6999999999998181,6280.3000000000001819,6326.5,5818.151273520000359,
221,1539475200.0,6326.3999999999996362,6399.3000000000001819,6302.5,6336.3999999999996362,11230.373759559999598,
222,1539561600.0,6336.3999999999996362,7788.0,6294.6000000000003638,6742.0,85004.090139659994747,
223,1539648000.0,6742.0,6897.6000000000003638,6669.1000000000003638,6754.1999999999998181,15664.780247320000854,
224,1539734400.0,6754.1999999999998181,6794.0,6674.3000000000001819,6736.0,8881.7224055299993779,
225,1539820800.0,6735.6000000000003638,6779.8999999999996362,6566.6999999999998181,6613.1999999999998181,12537.277729089999411,
226,1539907200.0,6613.3000000000001819,6639.5,6518.1999999999998181,6525.1000000000003638,11238.916665360000479,
227,1539993600.0,6524.3000000000001819,6611.0,6511.0,6581.5,4647.7118995999999242,
228,1540080000.0,6586.6999999999998181,6660.8000000000001819,6581.1999999999998181,6590.8999999999996362,4419.7790968799999973,
229,1540166400.0,6590.0535939999999755,6627.8999999999996362,6535.1000000000003638,6567.3000000000001819,6072.6638161900000341,
230,1540252800.0,6567.3000000000001819,6591.6000000000003638,6525.3000000000001819,6550.0,8864.2525288899996667,
231,1540339200.0,6550.0,6626.3000000000001819,6536.0,6554.1000000000003638,8522.9412978300006216,
232,1540425600.0,6554.0967189100001633,6568.6999999999998181,6462.8999999999996362,6528.0,8712.4977307499993913,
233,1540512000.0,6528.1000000000003638,6597.3999999999996362,6511.0,6531.4772262099995714,7424.5768525200001022,
234,1540598400.0,6531.5,6560.0,6476.8999999999996362,6500.1999999999998181,6970.8836413700000776,
235,1540684800.0,6500.1000000000003638,6513.8835733400001118,6451.0,6490.1000000000003638,6843.4791428199996517,
236,1540771200.0,6490.1771729299998697,6512.0,6320.8000000000001819,6346.5,19574.109039079998183,
237,1540857600.0,6346.570682399999896,6383.6000000000003638,6302.0,6330.1000000000003638,10740.015145960000154,
238,1540944000.0,6330.1000000000003638,6419.8000000000001819,6242.1000000000003638,6368.3871591999995871,9959.0165106299991749,
239,1541030400.0,6368.3999999999996362,6443.8999999999996362,6352.9024788400001853,6406.1000000000003638,9158.8072002000008069,
240,1541116800.0,6406.1999999999998181,6456.1000000000003638,6389.8999999999996362,6427.0,8076.8256267999995544,
241,1541203200.0,6427.0,6432.3999999999996362,6323.0,6389.1000000000003638,11439.563116639999862,
242,1541289600.0,6389.1999999999998181,6529.3999999999996362,6357.8999999999996362,6491.6999999999998181,8995.1777453100003186,
243,1541376000.0,6491.8000000000001819,6500.6000000000003638,6435.3000000000001819,6470.1999999999998181,4814.663685649999934,
244,1541462400.0,6470.101598709999962,6527.6999999999998181,6447.3999999999996362,6522.1999999999998181,7316.0371180800002548,
245,1541548800.0,6520.1000000000003638,6615.0,6511.0,6572.8999999999996362,10726.801090090000798,
246,1541635200.0,6573.0,6585.0,6460.0,6475.3000000000001819,11620.289192480000565,
247,1541721600.0,6479.5,6504.3999999999996362,6385.0,6418.6999999999998181,10457.671268699999928,
248,1541808000.0,6418.6000000000003638,6469.3000000000001819,6414.3999999999996362,6431.1000000000003638,3253.0493115200001739,
249,1541894400.0,6431.1000000000003638,6459.8999999999996362,6357.8000000000001819,6447.8999999999996362,7342.7999085800001922,
250,1541980800.0,6448.0,6481.0,6418.8000000000001819,6446.8999999999996362,7299.4039627399997698,
251,1542067200.0,6446.9933131400002821,6501.1000000000003638,6397.1000000000003638,6459.0694272999999157,10131.996350209999946,
252,1542153600.0,6459.0694272999999157,6485.8000000000001819,5678.0,5922.3999999999996362,69298.529059890002827,
253,1542240000.0,5922.313719470000251,5940.0,5432.0,5749.6000000000003638,49913.406711279996671,
254,1542326400.0,5749.6000000000003638,5777.5,5530.9244699299997592,5655.6999999999998181,18454.635524460001761,
255,1542412800.0,5655.6999999999998181,5661.1000000000003638,5569.1000000000003638,5628.3000000000001819,7999.3839047000001301,
256,1542499200.0,5626.6999999999998181,5745.6000000000003638,5620.8999999999996362,5659.5,9551.9687504499997885,
257,1542585600.0,5659.5,5659.5,4855.0,4920.6999999999998181,74205.937970920000225,
258,1542672000.0,4920.6999999999998181,5056.2656927600000927,4303.5,4571.0,117312.44063274000655,
259,1542758400.0,4570.8999999999996362,4787.3000000000001819,4412.3000000000001819,4662.6999999999998181,44377.020390689998749,
260,1542844800.0,4664.6999999999998181,4723.6999999999998181,4342.1000000000003638,4369.6000000000003638,28885.335654369999247,
261,1542931200.0,4370.6999999999998181,4495.0,4210.0,4422.6999999999998181,36101.641697749997547,
262,1543017600.0,4422.8000000000001819,4529.0,3819.4000000000000909,3929.9000000000000909,51143.024957809997431,
263,1543104000.0,3928.4000000000000909,4233.1999999999998181,3657.5999999999999091,4089.0999999999999091,82180.14995259999705,
264,1543190400.0,4086.5,4207.1000000000003638,3695.5,3864.0999999999999091,64117.272582530000363,
265,1543276800.0,3863.9000000000000909,3959.4086405399998512,3684.0999999999999091,3882.6999999999998181,46272.698256370000308,
266,1543363200.0,3883.4000000000000909,4447.6000000000003638,3882.9000000000000909,4305.0,65259.126254980001249,
267,1543449600.0,4305.0,4488.0,4167.1999999999998181,4321.8999999999996362,41125.261471830002847,
268,1543536000.0,4323.3000000000001819,4368.8000000000001819,3950.0,4039.5,42453.782658130003256,
269,1543622400.0,4038.5,4340.0,3964.5,4241.3000000000001819,27504.180019210001774,
270,1543708800.0,4241.3576552300000913,4369.8000000000001819,4113.0,4173.0,24479.403654739999183,
271,1543795200.0,4172.9457484000004115,4189.8000000000001819,3830.0999999999999091,3901.1999999999998181,36855.83412366000266,
272,1543881600.0,3903.0,4135.8999999999996362,3785.5,3981.9000000000000909,33692.110827130003599,
273,1543968000.0,3982.1999999999998181,4000.7710581100000127,3750.0,3772.9000000000000909,28429.762173340001027,
274,1544054400.0,3771.4000000000000909,3922.6999999999998181,3503.0,3531.0,58288.295116480003344,
275,1544140800.0,3531.0,3630.0,3277.5999999999999091,3460.0,74094.333951420005178,
276,1544227200.0,3460.0999999999999091,3800.0999999999999091,3316.0999999999999091,3506.0,39086.817255269997986,
277,1544313600.0,3506.0,3789.0,3465.4000000000000909,3642.3000000000001819,25081.113120130001334,
278,1544400000.0,3642.0999999999999091,3709.6999999999998181,3475.8000000000001819,3523.0,22610.480190750000475,
279,1544486400.0,3523.1999999999998181,3551.5,3381.8000000000001819,3435.2813777999999729,24048.15052396000101,
280,1544572800.0,3435.1999999999998181,3617.4000000000000909,3415.0,3535.5999999999999091,20930.78079168000113,
281,1544659200.0,3535.6999999999998181,3547.0999999999999091,3317.0,3354.3000000000001819,22248.786278420000599,
282,1544745600.0,3354.3000000000001819,3395.1999999999998181,3224.0,3281.6999999999998181,28559.127025739999226,
283,1544832000.0,3281.6999999999998181,3324.1999999999998181,3215.1999999999998181,3283.4000000000000909,17889.93798464000065,
284,1544918400.0,3282.3000000000001819,3383.0,3276.1999999999998181,3301.5,19106.502004390000366,
285,1545004800.0,3300.0999999999999091,3744.8000000000001819,3280.0,3625.0,35727.825744850000774,
286,1545091200.0,3623.9000000000000909,3799.9000000000000909,3546.9000000000000909,3780.8000000000001819,29430.998081940000702,
287,1545177600.0,3780.6999999999998181,4043.0,3756.0,3810.0,55272.475531440002669,
288,1545264000.0,3810.0,4299.0,3780.0999999999999091,4214.5,65871.468619349994697,
289,1545350400.0,4214.5,4300.0,3902.0,3976.0,43526.823575599999458,
290,1545436800.0,3976.1999999999998181,4166.0,3919.3000000000001819,4135.0,19530.574953679999453,
291,1545523200.0,4135.1000000000003638,4216.0,4033.0,4071.6999999999998181,24473.418222039999819,
292,1545609600.0,4072.5999999999999091,4384.0,4069.0,4140.6999999999998181,38002.891617120003502,
293,1545696000.0,4140.6999999999998181,4155.0,3812.0999999999999091,3909.6999999999998181,33727.404751929825579,
294,1545782400.0,3909.5999999999999091,3990.0,3812.0999999999999091,3930.0,19130.774451700297504,
295,1545868800.0,3930.0,3968.8000000000001819,3686.0,3712.0,23614.32457309986421,
296,1545955200.0,3714.0999999999999091,4095.0,3696.3000000000001819,4036.6999999999998181,26917.867082599728747,
297,1546041600.0,4036.8000000000001819,4099.6999999999998181,3859.3000000000001819,3894.0,18707.064498479725444,
298,1546128000.0,3893.9000000000000909,4003.8000000000001819,3838.9000000000000909,3977.3000000000001819,17733.650937119753507