0,1508419800.0,2553.3898930000000291,2562.3601069999999709,2547.9199220000000423,2562.100097999999889,2990710000.0,
1,1508506200.0,2567.5600589999999102,2575.4399410000000898,2567.5600589999999102,2575.2099610000000212,3384650000.0,
2,1508765400.0,2578.0800779999999577,2578.2900389999999788,2564.3300779999999577,2564.9799800000000687,3211710000.0,
3,1508851800.0,2568.6599120000000767,2572.179932000000008,2565.5800779999999577,2569.1298830000000635,3427330000.0,
4,1508938200.0,2566.5200199999999313,2567.399902000000111,2544.0,2557.149902000000111,3874510000.0,
5,1509024600.0,2560.0800779999999577,2567.070067999999992,2559.8000489999999445,2560.399902000000111,3869050000.0,
6,1509111000.0,2570.2600099999999657,2582.9799800000000687,2565.9399410000000898,2581.070067999999992,3887110000.0,
7,1509370200.0,2577.75,2580.0300290000000132,2568.25,2572.8300779999999577,3658870000.0,
8,1509456600.0,2575.9899900000000343,2578.2900389999999788,2572.149902000000111,2575.2600099999999657,3827230000.0,
9,1509543000.0,2583.2099610000000212,2588.399902000000111,2574.9199220000000423,2579.3601069999999709,3813180000.0,
10,1509629400.0,2579.4599610000000212,2581.1101069999999709,2566.1699220000000423,2579.850097999999889,4048270000.0,
11,1509715800.0,2581.929932000000008,2588.4199220000000423,2576.7700199999999313,2587.8400879999999233,3567710000.0,
12,1509978600.0,2587.4699709999999868,2593.3798830000000635,2585.6599120000000767,2591.1298830000000635,3539080000.0,
13,1510065000.0,2592.1101069999999709,2597.0200199999999313,2584.350097999999889,2590.6398930000000291,3809650000.0,
14,1510151400.0,2588.7099610000000212,2595.4699709999999868,2585.0200199999999313,2594.3798830000000635,3899360000.0,
15,1510237800.0,2584.0,2586.5,2566.3300779999999577,2584.6201169999999365,3831610000.0,
16,1510324200.0,2580.179932000000008,2583.8100589999999102,2575.570067999999992,2582.3000489999999445,3486910000.0,
17,1510583400.0,2576.5300290000000132,2587.6599120000000767,2574.4799800000000687,2584.8400879999999233,3402930000.0,
18,1510669800.0,2577.75,2579.6599120000000767,2566.5600589999999102,2578.8701169999999365,3641760000.0,
19,1510756200.0,2569.4499510000000555,2572.8400879999999233,2557.4499510000000555,2564.6201169999999365,3558890000.0,
20,1510842600.0,2572.9499510000000555,2590.0900879999999233,2572.9499510000000555,2585.6398930000000291,3312710000.0,
21,1510929000.0,2582.9399410000000898,2583.9599610000000212,2577.6201169999999365,2578.850097999999889,3300160000.0,
22,1511188200.0,2579.4899900000000343,2584.6398930000000291,2578.2399900000000343,2582.1398930000000291,3003540000.0,
23,1511274600.0,2589.1699220000000423,2601.1899410000000898,2589.1699220000000423,2599.0300290000000132,3332720000.0,
24,1511361000.0,2600.3100589999999102,2600.9399410000000898,2595.2299800000000687,2597.0800779999999577,2762950000.0,
25,1511533800.0,2600.4199220000000423,2604.2099610000000212,2600.4199220000000423,2602.4199220000000423,1349780000.0,
26,1511793000.0,2602.6599120000000767,2606.4099120000000767,2598.8701169999999365,2601.4199220000000423,3006860000.0,
27,1511879400.0,2605.9399410000000898,2627.6899410000000898,2605.4399410000000898,2627.0400389999999788,3488420000.0,
28,1511965800.0,2627.820067999999992,2634.8898930000000291,2620.320067999999992,2626.070067999999992,4078280000.0,
29,1512052200.0,2633.929932000000008,2657.7399900000000343,2633.929932000000008,2647.5800779999999577,4938490000.0,
30,1512138600.0,2645.100097999999889,2650.6201169999999365,2605.5200199999999313,2642.2199709999999868,3942320000.0,
31,1512397800.0,2657.1899410000000898,2665.1899410000000898,2639.0300290000000132,2639.4399410000000898,4023150000.0,
32,1512484200.0,2639.7800290000000132,2648.7199709999999868,2627.7299800000000687,2629.570067999999992,3539040000.0,
33,1512570600.0,2626.2399900000000343,2634.4099120000000767,2624.75,2629.2700199999999313,3229000000.0,
34,1512657000.0,2628.3798830000000635,2640.9899900000000343,2626.5300290000000132,2636.9799800000000687,3292400000.0,
35,1512743400.0,2646.2099610000000212,2651.649902000000111,2644.100097999999889,2651.5,3106150000.0,
36,1513002600.0,2652.1899410000000898,2660.3300779999999577,2651.4699709999999868,2659.9899900000000343,3091950000.0,
37,1513089000.0,2661.7299800000000687,2669.7199709999999868,2659.7800290000000132,2664.1101069999999709,3555680000.0,
38,1513175400.0,2667.5900879999999233,2671.8798830000000635,2662.850097999999889,2662.850097999999889,3542370000.0,
39,1513261800.0,2665.8701169999999365,2668.0900879999999233,2652.0100099999999657,2652.0100099999999657,3430030000.0,
40,1513348200.0,2660.6298830000000635,2679.6298830000000635,2659.1398930000000291,2675.8100589999999102,5723920000.0,
41,1513607400.0,2685.9199220000000423,2694.9699709999999868,2685.9199220000000423,2690.1599120000000767,3724660000.0,
42,1513693800.0,2692.7099610000000212,2694.4399410000000898,2680.7399900000000343,2681.4699709999999868,3368590000.0,
43,1513780200.0,2688.179932000000008,2691.0100099999999657,2676.1101069999999709,2679.25,3241030000.0,
44,1513866600.0,2683.0200199999999313,2692.6398930000000291,2682.399902000000111,2684.570067999999992,3273390000.0,
45,1513953000.0,2684.2199709999999868,2685.350097999999889,2678.1298830000000635,2683.3400879999999233,2399830000.0,
46,1514298600.0,2679.0900879999999233,2682.7399900000000343,2677.9599610000000212,2680.5,1968780000.0,
47,1514385000.0,2682.100097999999889,2685.6398930000000291,2678.9099120000000767,2682.6201169999999365,2202080000.0,
48,1514471400.0,2686.100097999999889,2687.6599120000000767,2682.6899410000000898,2687.5400389999999788,2153330000.0,
49,1514557800.0,2689.149902000000111,2692.1201169999999365,2673.6101069999999709,2673.6101069999999709,2443490000.0,
50,1514903400.0,2683.7300000000000182,2695.8899999999998727,2682.3600000000001273,2695.8099999999999454,1892676820.0,
51,1514989800.0,2697.8499999999999091,2714.3699999999998909,2697.7699999999999818,2713.0599999999999454,2247360840.0,
52,1515076200.0,2719.3099999999999454,2729.2899999999999636,2719.0700000000001637,2723.9899999999997817,2209734660.0,
53,1515162600.0,2731.3299999999999272,2743.4499999999998181,2727.9200000000000728,2743.1500000000000909,1998927820.0,
54,1515421800.0,2742.6700000000000728,2748.5100000000002183,2737.5999999999999091,2747.7100000000000364,1965531280.0,
55,1515508200.0,2751.1500000000000909,2759.1399999999998727,2747.8600000000001273,2751.2899999999999636,2022846960.0,
56,1515594600.0,2745.5500000000001819,2750.8000000000001819,2736.0599999999999454,2748.2300000000000182,2091186560.0,
57,1515681000.0,2752.9699999999997999,2767.5599999999999454,2752.7800000000002001,2767.5599999999999454,1975974170.0,
58,1515767400.0,2770.1799999999998363,2787.8499999999999091,2769.6399999999998727,2786.2399999999997817,2129410150.0,
59,1516113000.0,2798.9600000000000364,2807.5399999999999636,2768.6399999999998727,2776.4200000000000728,2600258930.0,
60,1516199400.0,2784.9899999999997817,2807.0399999999999636,2778.3800000000001091,2802.5599999999999454,2419144960.0,
61,1516285800.0,2802.4000000000000909,2805.8299999999999272,2792.5599999999999454,2798.0300000000002001,2307360400.0,
62,1516372200.0,2802.5999999999999091,2810.3299999999999272,2798.0799999999999272,2810.3000000000001819,2440064590.0,
63,1516631400.0,2809.1599999999998545,2833.0300000000002001,2808.1199999999998909,2832.9699999999997999,2162473890.0,
64,1516717800.0,2835.0500000000001819,2842.2399999999997817,2830.5900000000001455,2839.1300000000001091,2168016080.0,
65,1516804200.0,2845.4200000000000728,2852.9699999999997999,2824.8099999999999454,2837.5399999999999636,2447566190.0,
66,1516890600.0,2846.2399999999997817,2848.5599999999999454,2830.9400000000000546,2839.25,2317282270.0,
67,1516977000.0,2847.4800000000000182,2872.8699999999998909,2846.1799999999998363,2872.8699999999998909,2215919470.0,
68,1517236200.0,2867.2300000000000182,2870.6199999999998909,2851.4800000000000182,2853.5300000000002001,2175684060.0,
69,1517322600.0,2832.7399999999997817,2837.75,2818.2699999999999818,2822.4299999999998363,2405602350.0,
70,1517409000.0,2832.4099999999998545,2839.2600000000002183,2813.0399999999999636,2823.8099999999999454,2823741600.0,
71,1517495400.0,2816.4499999999998181,2835.9600000000000364,2812.6999999999998181,2821.9800000000000182,2466173550.0,
72,1517581800.0,2808.9200000000000728,2808.9200000000000728,2759.9699999999997999,2762.1300000000001091,2721617700.0,
73,1517841000.0,2741.0599999999999454,2763.3899999999998727,2638.1700000000000728,2648.9400000000000546,3544117600.0,
74,1517927400.0,2614.7800000000002001,2701.0399999999999636,2593.0700000000001637,2695.1399999999998727,4024143800.0,
75,1518013800.0,2690.9499999999998181,2727.6700000000000728,2681.3299999999999272,2681.6599999999998545,2838299300.0,
76,1518100200.0,2685.0100000000002183,2685.2699999999999818,2580.5599999999999454,2581.0,3249463500.0,
77,1518186600.0,2601.7800000000002001,2638.6700000000000728,2532.6900000000000546,2619.5500000000001819,3731314800.0,
78,1518445800.0,2636.75,2672.6100000000001273,2622.4499999999998181,2656.0,2679600260.0,
79,1518532200.0,2646.2699999999999818,2668.8400000000001455,2637.0799999999999272,2662.9400000000000546,2093173110.0,
80,1518618600.0,2651.2100000000000364,2702.0999999999999091,2648.8699999999998909,2698.6300000000001091,2420069520.0,
81,1518705000.0,2713.4600000000000364,2731.5100000000002183,2689.8200000000001637,2731.1999999999998181,2296146110.0,
82,1518791400.0,2727.1399999999998727,2754.4200000000000728,2725.1100000000001273,2732.2199999999997999,2214918720.0,
83,1519137000.0,2722.9899999999997817,2737.5999999999999091,2706.7600000000002183,2716.2600000000002183,2135921510.0,
84,1519223400.0,2720.5300000000002001,2747.75,2701.2899999999999636,2701.3299999999999272,2221587840.0,
85,1519309800.0,2710.4200000000000728,2731.2600000000002183,2697.7699999999999818,2703.9600000000000364,2099630390.0,
86,1519396200.0,2715.8000000000001819,2747.7600000000002183,2713.7399999999997817,2747.3000000000001819,1869037500.0,
87,1519655400.0,2757.3699999999998909,2780.6399999999998727,2753.7800000000002001,2779.5999999999999091,2112406590.0,
88,1519741800.0,2780.4499999999998181,2789.1500000000000909,2744.2199999999997999,2744.2800000000002001,2357084280.0,
89,1519828200.0,2753.7800000000002001,2761.5199999999999818,2713.5399999999999636,2713.8299999999999272,2606285720.0,
90,1519914600.0,2715.2199999999997999,2730.8899999999998727,2659.6500000000000909,2677.6700000000000728,2790764000.0,
91,1520001000.0,2658.8899999999998727,2696.25,2647.3200000000001637,2691.25,2445883840.0,
92,1520260200.0,2681.0599999999999454,2728.0900000000001455,2675.75,2720.9400000000000546,2341946670.0,
93,1520346600.0,2730.1799999999998363,2732.0799999999999272,2711.2600000000002183,2728.1199999999998909,2080635490.0,
94,1520433000.0,2710.1799999999998363,2730.5999999999999091,2701.7399999999997817,2726.8000000000001819,2204997480.0,
95,1520519400.0,2732.75,2740.4499999999998181,2722.6500000000000909,2738.9699999999997999,2047404580.0,
96,1520605800.0,2752.9099999999998545,2786.5700000000001637,2751.5399999999999636,2786.5700000000001637,2195651360.0,
97,1520861400.0,2790.5399999999999636,2796.9800000000000182,2779.2600000000002183,2783.0199999999999818,2157969180.0,
98,1520947800.0,2792.3099999999999454,2801.9000000000000909,2758.6799999999998363,2765.3099999999999454,2353889420.0,
99,1521034200.0,2774.0599999999999454,2777.1100000000001273,2744.3800000000001091,2749.4800000000000182,2179975830.0,
100,1521120600.0,2754.2699999999999818,2763.0300000000002001,2741.4699999999997999,2747.3299999999999272,1998737400.0,
101,1521207000.0,2750.5700000000001637,2761.8499999999999091,2749.9699999999997999,2752.0100000000002183,3459192700.0,
102,1521466200.0,2741.3800000000001091,2741.3800000000001091,2694.5900000000001455,2712.9200000000000728,2191394840.0,
103,1521552600.0,2715.0500000000001819,2724.2199999999997999,2710.0500000000001819,2716.9400000000000546,2088202410.0,
104,1521639000.0,2714.9899999999997817,2739.1399999999998727,2709.7899999999999636,2711.9299999999998363,2074883960.0,
105,1521725400.0,2691.3600000000001273,2695.6799999999998363,2641.5900000000001455,2643.6900000000000546,2492921030.0,
106,1521811800.0,2646.7100000000000364,2657.6700000000000728,2585.8899999999998727,2588.2600000000002183,2558217930.0,
107,1522071000.0,2619.3499999999999091,2661.3600000000001273,2601.8099999999999454,2658.5500000000001819,2434497990.0,
108,1522157400.0,2667.5700000000001637,2674.7800000000002001,2596.1199999999998909,2612.6199999999998909,2501316080.0,
109,1522243800.0,2611.3000000000001819,2632.6500000000000909,2593.0599999999999454,2605.0,2574191550.0,
110,1522330200.0,2614.4099999999998545,2659.0700000000001637,2609.7199999999997999,2640.8699999999998909,2348028810.0,
111,1522675800.0,2633.4499999999998181,2638.3000000000001819,2553.8000000000001819,2581.8800000000001091,2468994070.0,
112,1522762200.0,2592.1700000000000728,2619.1399999999998727,2575.4899999999997817,2614.4499999999998181,2169555250.0,
113,1522848600.0,2584.0399999999999636,2649.8600000000001273,2573.6100000000001273,2644.6900000000000546,2220731180.0,
114,1522935000.0,2657.3600000000001273,2672.0799999999999272,2649.5799999999999272,2662.8400000000001455,2008036350.0,
115,1523021400.0,2645.8200000000001637,2656.8800000000001091,2586.2699999999999818,2604.4699999999997999,2187111870.0,
116,1523280600.0,2617.1799999999998363,2653.5500000000001819,2610.7899999999999636,2613.1599999999998545,1923050590.0,
117,1523367000.0,2638.4099999999998545,2665.4499999999998181,2635.7800000000002001,2656.8699999999998909,2132599580.0,
118,1523453400.0,2643.8899999999998727,2661.4299999999998363,2639.25,2642.1900000000000546,1788526150.0,
119,1523539800.0,2653.8299999999999272,2674.7199999999997999,2653.8299999999999272,2663.9899999999997817,1922966390.0,
120,1523626200.0,2676.9000000000000909,2680.2600000000002183,2645.0500000000001819,2656.3000000000001819,1823268890.0,
121,1523885400.0,2670.0999999999999091,2686.4899999999997817,2665.1599999999998545,2677.8400000000001455,1866870480.0,
122,1523971800.0,2692.7399999999997817,2713.3400000000001455,2692.0500000000001819,2706.3899999999998727,1925630580.0,
123,1524058200.0,2710.1100000000001273,2717.4899999999997817,2703.6300000000001091,2708.6399999999998727,1965630370.0,
124,1524144600.0,2701.1599999999998545,2702.8400000000001455,2681.9000000000000909,2693.1300000000001091,2168636680.0,
125,1524231000.0,2692.5599999999999454,2693.9400000000000546,2660.6100000000001273,2670.1399999999998727,2308509070.0,
126,1524490200.0,2675.4000000000000909,2682.8600000000001273,2657.9899999999997817,2670.2899999999999636,1858105240.0,
127,1524576600.0,2680.8000000000001819,2683.5500000000001819,2617.3200000000001637,2634.5599999999999454,2413969100.0,
128,1524663000.0,2634.9200000000000728,2645.3000000000001819,2612.6700000000000728,2639.4000000000000909,2203579980.0,
129,1524749400.0,2651.6500000000000909,2676.4800000000000182,2647.1599999999998545,2666.9400000000000546,2543293990.0,
130,1524835800.0,2675.4699999999997999,2677.3499999999999091,2659.0100000000002183,2669.9099999999998545,2104565440.0,
131,1525095000.0,2675.0500000000001819,2682.9200000000000728,2648.0399999999999636,2648.0500000000001819,2335651560.0,
132,1525181400.0,2643.6399999999998727,2655.2699999999999818,2625.4099999999998545,2654.8000000000001819,2185437870.0,
133,1525267800.0,2654.2399999999997817,2660.8699999999998909,2631.6999999999998181,2635.6700000000000728,2303620160.0,
134,1525354200.0,2628.0799999999999272,2637.1399999999998727,2594.6199999999998909,2629.7300000000000182,2395693080.0,
135,1525440600.0,2621.4499999999998181,2670.9299999999998363,2615.3200000000001637,2663.4200000000000728,1915006740.0,
136,1525699800.0,2669.3600000000001273,2683.3499999999999091,2664.6999999999998181,2672.6300000000001091,1911248450.0,
137,1525786200.0,2670.2600000000002183,2676.3400000000001455,2655.1999999999998181,2671.9200000000000728,2106585850.0,
138,1525872600.0,2678.1199999999998909,2701.2699999999999818,2674.1399999999998727,2697.7899999999999636,2083097630.0,
139,1525959000.0,2705.0199999999999818,2726.1100000000001273,2704.5399999999999636,2723.0700000000001637,1835353790.0,
140,1526045400.0,2722.6999999999998181,2732.8600000000001273,2717.4499999999998181,2727.7199999999997999,1796034170.0,
141,1526304600.0,2733.3699999999998909,2742.0999999999999091,2725.4699999999997999,2730.1300000000001091,1820433210.0,
142,1526391000.0,2718.5900000000001455,2718.5900000000001455,2701.9099999999998545,2711.4499999999998181,1964096380.0,
143,1526477400.0,2712.6199999999998909,2727.7600000000002183,2712.1700000000000728,2722.4600000000000364,1844279670.0,
144,1526563800.0,2719.7100000000000364,2731.9600000000000364,2711.3600000000001273,2720.1300000000001091,1863613030.0,
145,1526650200.0,2717.3499999999999091,2719.5,2709.1799999999998363,2712.9699999999997999,1956929150.0,
146,1526909400.0,2725.9499999999998181,2739.1900000000000546,2725.6999999999998181,2733.0100000000002183,1789869040.0,
147,1526995800.0,2738.3400000000001455,2742.2399999999997817,2721.8800000000001091,2724.4400000000000546,1907818880.0,
148,1527082200.0,2713.9800000000000182,2733.3299999999999272,2709.5399999999999636,2733.2899999999999636,2030186160.0,
149,1527168600.0,2730.9400000000000546,2731.9699999999997999,2707.3800000000001091,2727.7600000000002183,1965051550.0,
150,1527255000.0,2723.5999999999999091,2727.3600000000001273,2714.9899999999997817,2721.3299999999999272,1683086480.0,
151,1527600600.0,2705.1100000000001273,2710.6700000000000728,2676.8099999999999454,2689.8600000000001273,2250972370.0,
152,1527687000.0,2702.4299999999998363,2729.3400000000001455,2702.4299999999998363,2724.0100000000002183,2032100560.0,
153,1527773400.0,2720.9800000000000182,2722.5,2700.6799999999998363,2705.2699999999999818,2746987200.0,
154,1527859800.0,2718.6999999999998181,2736.9299999999998363,2718.6999999999998181,2734.6199999999998909,1995116170.0,
155,1528119000.0,2741.6700000000000728,2749.1599999999998545,2740.5399999999999636,2746.8699999999998909,1974155390.0,
156,1528205400.0,2748.4600000000000364,2752.6100000000001273,2739.5100000000002183,2748.8000000000001819,1982320690.0,
157,1528291800.0,2753.25,2772.3899999999998727,2748.4600000000000364,2772.3499999999999091,2130321310.0,
158,1528378200.0,2774.8400000000001455,2779.9000000000000909,2760.1599999999998545,2770.3699999999998909,2139133020.0,
159,1528464600.0,2765.8400000000001455,2779.3899999999998727,2763.5900000000001455,2779.0300000000002001,1813371530.0,
160,1528723800.0,2780.1799999999998363,2790.2100000000000364,2780.1700000000000728,2782.0,1917077610.0,
161,1528810200.0,2785.5999999999999091,2789.8000000000001819,2778.7800000000002001,2786.8499999999999091,1989893990.0,
162,1528896600.0,2787.9400000000000546,2791.4699999999997999,2774.6500000000000909,2775.6300000000001091,2422913940.0,
163,1528983000.0,2783.2100000000000364,2789.0599999999999454,2776.5199999999999818,2782.4899999999997817,2271012000.0,
164,1529069400.0,2777.7800000000002001,2782.8099999999999454,2761.7300000000000182,2779.6599999999998545,3501178300.0,
165,1529328600.0,2765.7899999999999636,2774.9899999999997817,2757.1199999999998909,2773.75,2029883490.0,
166,1529415000.0,2752.0100000000002183,2765.0500000000001819,2743.1900000000000546,2762.5900000000001455,2214221500.0,
167,1529501400.0,2769.7300000000000182,2774.8600000000001273,2763.9099999999998545,2767.3200000000001637,2184211750.0,
168,1529587800.0,2769.2800000000002001,2769.2800000000002001,2744.3899999999998727,2749.7600000000002183,2149437120.0,
169,1529674200.0,2760.7899999999999636,2764.1700000000000728,2752.6799999999998363,2754.8800000000001091,2887234500.0,
170,1529933400.0,2742.9400000000000546,2742.9400000000000546,2698.6700000000000728,2717.0700000000001637,2404385040.0,
171,1530019800.0,2722.1199999999998909,2732.9099999999998545,2715.5999999999999091,2723.0599999999999454,2209004200.0,
172,1530106200.0,2728.4499999999998181,2746.0900000000001455,2699.3800000000001091,2699.6300000000001091,2277333140.0,
173,1530192600.0,2698.6900000000000546,2724.3400000000001455,2691.9899999999997817,2716.3099999999999454,2123739790.0,
174,1530279000.0,2727.1300000000001091,2743.2600000000002183,2718.0300000000002001,2718.3699999999998909,2247611940.0,
175,1530538200.0,2704.9499999999998181,2727.2600000000002183,2698.9499999999998181,2726.7100000000000364,1774974650.0,
176,1530624600.0,2733.2699999999999818,2736.5799999999999272,2711.1599999999998545,2713.2199999999997999,1148652870.0,
177,1530797400.0,2724.1900000000000546,2737.8299999999999272,2716.0199999999999818,2736.6100000000001273,1709735880.0,
178,1530883800.0,2737.6799999999998363,2764.4099999999998545,2733.5199999999999818,2759.8200000000001637,1570610300.0,
179,1531143000.0,2768.5100000000002183,2784.6500000000000909,2768.5100000000002183,2784.1700000000000728,1859165480.0,
180,1531229400.0,2788.5599999999999454,2795.5799999999999272,2786.2399999999997817,2793.8400000000001455,1743427930.0,
181,1531315800.0,2779.8200000000001637,2785.9099999999998545,2770.7699999999999818,2774.0199999999999818,1806015300.0,
182,1531402200.0,2783.1399999999998727,2799.2199999999997999,2781.5300000000002001,2798.2899999999999636,1862928000.0,
183,1531488600.0,2796.9299999999998363,2804.5300000000002001,2791.6900000000000546,2801.3099999999999454,1757998400.0,
184,1531747800.0,2801.4299999999998363,2803.7100000000000364,2793.3899999999998727,2798.4299999999998363,1791632450.0,
185,1531834200.0,2789.3400000000001455,2814.1900000000000546,2789.2399999999997817,2809.5500000000001819,1848700380.0,
186,1531920600.0,2811.3499999999999091,2816.7600000000002183,2805.8899999999998727,2815.6199999999998909,1946267160.0,
187,1532007000.0,2809.3699999999998909,2812.0500000000001819,2799.7699999999999818,2804.4899999999997817,2110255100.0,
188,1532093400.0,2804.5500000000001819,2809.6999999999998181,2800.0100000000002183,2801.8299999999999272,2082882090.0,
189,1532352600.0,2799.1700000000000728,2808.6100000000001273,2795.1399999999998727,2806.9800000000000182,1863978310.0,
190,1532439000.0,2820.6799999999998363,2829.9899999999997817,2811.1199999999998909,2820.4000000000000909,2183986780.0,
191,1532525400.0,2817.7300000000000182,2848.0300000000002001,2817.7300000000000182,2846.0700000000001637,2288128260.0,
192,1532611800.0,2835.4899999999997817,2845.5700000000001637,2835.2600000000002183,2837.4400000000000546,2578242520.0,
193,1532698200.0,2842.3499999999999091,2843.1700000000000728,2808.3400000000001455,2818.8200000000001637,2343658700.0,
194,1532957400.0,2819.0,2821.7399999999997817,2798.1100000000001273,2802.5999999999999091,2240038040.0,
195,1533043800.0,2809.7300000000000182,2824.4600000000000364,2808.0599999999999454,2816.2899999999999636,2449761060.0,
196,1533130200.0,2821.1700000000000728,2825.8299999999999272,2805.8499999999999091,2813.3600000000001273,2200609140.0,
197,1533216600.0,2800.4800000000000182,2829.9099999999998545,2796.3400000000001455,2827.2199999999997999,2040386960.0,
198,1533303000.0,2829.6199999999998909,2840.3800000000001091,2827.3699999999998909,2840.3499999999999091,1829936670.0,
199,1533562200.0,2840.2899999999999636,2853.2899999999999636,2835.9800000000000182,2850.4000000000000909,1755402890.0,
200,1533648600.0,2855.9200000000000728,2863.4299999999998363,2855.9200000000000728,2858.4499999999998181,1792641160.0,
201,1533735000.0,2856.7899999999999636,2862.4400000000000546,2853.0900000000001455,2857.6999999999998181,1624654640.0,
202,1533821400.0,2857.1900000000000546,2862.4800000000000182,2851.9800000000000182,2853.5799999999999272,1670803070.0,
203,1533907800.0,2839.6399999999998727,2842.1999999999998181,2825.8099999999999454,2833.2800000000002001,1817775080.0,
204,1534167000.0,2835.4600000000000364,2843.4000000000000909,2819.8800000000001091,2821.9299999999998363,1852090900.0,
205,1534253400.0,2827.8800000000001091,2843.1100000000001273,2826.5799999999999272,2839.9600000000000364,1733260850.0,
206,1534339800.0,2827.9499999999998181,2827.9499999999998181,2802.4899999999997817,2818.3699999999998909,2170175040.0,
207,1534426200.0,2831.4400000000000546,2850.4899999999997817,2831.4400000000000546,2840.6900000000000546,1990092030.0,
208,1534512600.0,2838.3200000000001637,2855.6300000000001091,2833.7300000000000182,2850.1300000000001091,1897228860.0,
209,1534771800.0,2853.9299999999998363,2859.7600000000002183,2850.6199999999998909,2857.0500000000001819,1673590010.0,
210,1534858200.0,2861.5100000000002183,2873.2300000000000182,2861.3200000000001637,2862.9600000000000364,1897094700.0,
211,1534944600.0,2860.9899999999997817,2867.5399999999999636,2856.0500000000001819,2861.8200000000001637,1583705460.0,
212,1535031000.0,2860.2899999999999636,2868.7800000000002001,2854.0300000000002001,2856.9800000000000182,1653913650.0,
213,1535117400.0,2862.3499999999999091,2876.1599999999998545,2862.3499999999999091,2874.6900000000000546,1675497530.0,
214,1535376600.0,2884.6900000000000546,2898.25,2884.6900000000000546,2896.7399999999997817,2055945920.0,
215,1535463000.0,2901.4499999999998181,2903.7699999999999818,2893.5,2897.5199999999999818,1788301630.0,
216,1535549400.0,2900.6199999999998909,2916.5,2898.4000000000000909,2914.0399999999999636,1761496010.0,
217,1535635800.0,2908.9400000000000546,2912.4600000000000364,2895.2199999999997999,2901.1300000000001091,1725979530.0,
218,1535722200.0,2898.3699999999998909,2906.3200000000001637,2891.7300000000000182,2901.5199999999999818,1806136650.0,
219,1536067800.0,2896.9600000000000364,2900.1799999999998363,2885.1300000000001091,2896.7199999999997999,1952726440.0,
220,1536154200.0,2891.5900000000001455,2894.2100000000000364,2876.9200000000000728,2888.5999999999999091,2277718450.0,
221,1536240600.0,2888.6399999999998727,2892.0500000000001819,2867.2899999999999636,2878.0500000000001819,2025172930.0,
222,1536327000.0,2868.2600000000002183,2883.8099999999999454,2864.1199999999998909,2871.6799999999998363,1942169500.0,
223,1536586200.0,2881.3899999999998727,2886.9299999999998363,2875.9400000000000546,2877.1300000000001091,1762586060.0,
224,1536672600.0,2871.5700000000001637,2892.5199999999999818,2866.7800000000002001,2887.8899999999998727,1880844230.0,
225,1536759000.0,2888.2899999999999636,2894.6500000000000909,2879.1999999999998181,2888.9200000000000728,2063572610.0,
226,1536845400.0,2896.8499999999999091,2906.7600000000002183,2896.3899999999998727,2904.1799999999998363,2167357830.0,
227,1536931800.0,2906.3800000000001091,2908.3000000000001819,2895.7699999999999818,2904.9800000000000182,1896515780.0,
228,1537191000.0,2903.8299999999999272,2904.6500000000000909,2886.1599999999998545,2888.8000000000001819,1855645860.0,
229,1537277400.0,2890.7399999999997817,2911.1700000000000728,2890.4299999999998363,2904.3099999999999454,1947735430.0,
230,1537363800.0,2906.5999999999999091,2912.3600000000001273,2903.8200000000001637,2907.9499999999998181,1942348470.0,
231,1537450200.0,2919.7300000000000182,2934.8000000000001819,2919.7300000000000182,2930.75,2102348030.0,
232,1537536600.0,2936.7600000000002183,2940.9099999999998545,2927.1100000000001273,2929.6700000000000728,3900792000.0,
233,1537795800.0,2921.8299999999999272,2923.7899999999999636,2912.6300000000001091,2919.3699999999998909,2105481490.0,
234,1537882200.0,2921.75,2923.9499999999998181,2913.6999999999998181,2915.5599999999999454,2034744660.0,
235,1537968600.0,2916.9800000000000182,2931.1500000000000909,2903.2800000000002001,2905.9699999999997999,2053175000.0,
236,1538055000.0,2911.6500000000000909,2927.2199999999997999,2909.2699999999999818,2914.0,1803057920.0,
237,1538141400.0,2910.0300000000002001,2920.5300000000002001,2907.5,2913.9800000000000182,2193939790.0,
238,1538400600.0,2926.2899999999999636,2937.0599999999999454,2917.9099999999998545,2924.5900000000001455,2148843590.0,
239,1538487000.0,2923.8000000000001819,2931.4200000000000728,2919.3699999999998909,2923.4299999999998363,2060042940.0,
240,1538573400.0,2931.6900000000000546,2939.8600000000001273,2921.3600000000001273,2925.5100000000002183,2101579720.0,
241,1538659800.0,2919.3499999999999091,2919.7800000000002001,2883.9200000000000728,2901.6100000000001273,2105861180.0,
242,1538746200.0,2902.5399999999999636,2909.6399999999998727,2869.2899999999999636,2885.5700000000001637,2091494760.0,
243,1539005400.0,2877.5300000000002001,2889.4499999999998181,2862.0799999999999272,2884.4299999999998363,2013126780.0,
244,1539091800.0,2882.5100000000002183,2894.8299999999999272,2874.2699999999999818,2880.3400000000001455,2136559730.0,
245,1539178200.0,2873.9000000000000909,2874.0199999999999818,2784.8600000000001273,2785.6799999999998363,2895006300.0,
246,1539264600.0,2776.8699999999998909,2795.1399999999998727,2710.5100000000002183,2728.3699999999998909,3309534700.0,
247,1539351000.0,2770.5399999999999636,2775.7699999999999818,2729.4400000000000546,2767.1300000000001091,2665303070.0,
248,1539610200.0,2763.8299999999999272,2775.9899999999997817,2749.0300000000002001,2750.7899999999999636,2023151750.0,
249,1539696600.0,2767.0500000000001819,2813.4600000000000364,2766.9099999999998545,2809.9200000000000728,2137274740.0,
250,1539783000.0,2811.6700000000000728,2816.9400000000000546,2781.8099999999999454,2809.2100000000000364,2120418820.0,
251,1539869400.0,2802.0,2806.0399999999999636,2755.1799999999998363,2768.7800000000002001,2330696320.0,
252,1539955800.0,2775.6599999999998545,2797.7699999999999818,2760.2699999999999818,2767.7800000000002001,2467481150.0,
253,1540215000.0,2773.9400000000000546,2778.9400000000000546,2749.2199999999997999,2755.8800000000001091,2219051310.0,
254,1540301400.0,2721.0300000000002001,2753.5900000000001455,2691.4299999999998363,2740.6900000000000546,2810569400.0,
255,1540387800.0,2737.8699999999998909,2742.5900000000001455,2651.8899999999998727,2656.0999999999999091,3140536400.0,
256,1540474200.0,2674.8800000000001091,2722.6999999999998181,2667.8400000000001455,2705.5700000000001637,3062113900.0,
257,1540560600.0,2667.8600000000001273,2692.3800000000001091,2628.1599999999998545,2658.6900000000000546,3296391600.0,
258,1540819800.0,2682.6500000000000909,2706.8499999999999091,2603.5399999999999636,2641.25,2965732000.0,
259,1540906200.0,2640.6799999999998363,2685.4299999999998363,2635.3400000000001455,2682.6300000000001091,3337205300.0,
260,1540992600.0,2705.5999999999999091,2736.6900000000000546,2705.5999999999999091,2711.7399999999997817,3254301600.0,
261,1541079000.0,2717.5799999999999272,2741.6700000000000728,2708.8499999999999091,2740.3699999999998909,2791011600.0,
262,1541165400.0,2745.4499999999998181,2756.5500000000001819,2700.4400000000000546,2723.0599999999999454,2848403400.0,
263,1541428200.0,2726.3699999999998909,2744.2699999999999818,2717.9400000000000546,2738.3099999999999454,2194666740.0,
264,1541514600.0,2738.4000000000000909,2756.8200000000001637,2737.0799999999999272,2755.4499999999998181,2102933250.0,
265,1541601000.0,2774.1300000000001091,2815.1500000000000909,2774.1300000000001091,2813.8899999999998727,2449056050.0,
266,1541687400.0,2806.3800000000001091,2814.75,2794.9899999999997817,2806.8299999999999272,2264117520.0,
267,1541773800.0,2794.0999999999999091,2794.0999999999999091,2764.2399999999997817,2781.0100000000002183,2507593530.0,
268,1542033000.0,2773.9299999999998363,2775.9899999999997817,2722.0,2726.2199999999997999,2439374450.0,
269,1542119400.0,2730.0500000000001819,2754.5999999999999091,2714.9800000000000182,2722.1799999999998363,2355351200.0,
270,1542205800.0,2737.9000000000000909,2746.8000000000001819,2685.75,2701.5799999999999272,2669619740.0,
271,1542292200.0,2693.5199999999999818,2735.3800000000001091,2670.75,2730.1999999999998181,2723521900.0,
272,1542378600.0,2718.5399999999999636,2746.75,2712.1599999999998545,2736.2699999999999818,2693966900.0,
273,1542637800.0,2730.7399999999997817,2733.1599999999998545,2681.0900000000001455,2690.7300000000000182,2528464110.0,
274,1542724200.0,2654.5999999999999091,2669.4400000000000546,2631.5199999999999818,2641.8899999999998727,2887815900.0,
275,1542810600.0,2657.7399999999997817,2670.7300000000000182,2649.8200000000001637,2649.9299999999998363,2052551180.0,
276,1542983400.0,2633.3600000000001273,2647.5500000000001819,2631.0900000000001455,2632.5599999999999454,996600640.0,
277,1543242600.0,2649.9699999999997999,2674.3499999999999091,2649.9699999999997999,2673.4499999999998181,2223763990.0,
278,1543329000.0,2663.75,2682.5300000000002001,2655.8899999999998727,2682.1700000000000728,2164783700.0,
279,1543415400.0,2691.4499999999998181,2744.0,2684.3800000000001091,2743.7899999999999636,2464243920.0,
280,1543501800.0,2736.9699999999997999,2753.75,2722.9400000000000546,2737.7600000000002183,2102760320.0,
281,1543588200.0,2737.7600000000002183,2760.8800000000001091,2732.7600000000002183,2760.1700000000000728,3061710900.0,
282,1543847400.0,2790.5,2800.1799999999998363,2773.3800000000001091,2790.3699999999998909,2752398100.0,
283,1543933800.0,2782.4299999999998363,2785.9299999999998363,2697.1799999999998363,2700.0599999999999454,2990888300.0,
284,1544106600.0,2663.5100000000002183,2696.1500000000000909,2621.5300000000002001,2695.9499999999998181,3220645200.0,
285,1544193000.0,2691.2600000000002183,2708.5399999999999636,2623.1399999999998727,2633.0799999999999272,2607989520.0,
286,1544452200.0,2630.8600000000001273,2647.5100000000002183,2583.2300000000000182,2637.7199999999997999,2521728990.0,
287,1544538600.0,2664.4400000000000546,2674.3499999999999091,2621.3000000000001819,2636.7800000000002001,2354563430.0,
288,1544625000.0,2658.2300000000000182,2685.4400000000000546,2650.2600000000002183,2651.0700000000001637,2473051770.0,
289,1544711400.0,2658.6999999999998181,2670.1900000000000546,2637.2699999999999818,2650.5399999999999636,2364352580.0,
290,1544797800.0,2629.6799999999998363,2635.0700000000001637,2593.8400000000001455,2599.9499999999998181,2536288490.0,
291,1545057000.0,2590.75,2601.1300000000001091,2530.5399999999999636,2545.9400000000000546,2879374600.0,
292,1545143400.0,2559.9000000000000909,2573.9899999999997817,2528.7100000000000364,2546.1599999999998545,2748353400.0,
293,1545229800.0,2547.0500000000001819,2585.2899999999999636,2488.9600000000000364,2506.9600000000000364,3383318600.0,
294,1545316200.0,2496.7699999999999818,2509.6300000000001091,2441.1799999999998363,2467.4200000000000728,3622684000.0,
295,1545402600.0,2465.3800000000001091,2504.4099999999998545,2408.5500000000001819,2416.6199999999998909,4946860700.0,
296,1545661800.0,2400.5599999999999454,2410.3400000000001455,2351.0999999999999091,2351.0999999999999091,1724366730.0,
297,1545834600.0,2363.1199999999998909,2467.7600000000002183,2346.5799999999999272,2467.6999999999998181,2731627200.0,
298,1545921000.0,2442.5,2489.0999999999999091,2397.9400000000000546,2488.8299999999999272,2552054900.0,
299,1546007400.0,2498.7699999999999818,2520.2699999999999818,2472.8899999999998727,2485.7399999999997817,2209845400.0